1.332134966511249630e+00 3.844054424972414807e+01 1.087062529448346311e+02 7.637830480919670373e-03 2.303666241630103894e-17 -6.069286461318905168e+01 8.967673780272602357e+01 -3.472208895310614607e+05
1.396147139214278132e+00 7.654456875026387763e+01 1.596376712101644557e+02 2.622814425632892521e-02 1.919050501366900153e-17 -7.145420751638928891e+01 6.273932048373612247e+01 -3.402480359984368552e+05
-1.233259767597446377e+00 3.696722841110204172e+01 2.365972514808818232e+02 -4.674037842953613492e-02 3.329076100394669022e-17 -1.095893704625646023e+02 1.281806910729550850e+02 -inf
8.175474168615652903e-01 1.556295681296541744e+01 1.582210826914188431e+02 5.822698571799569955e-02 1.755345910704572683e-17 -7.233350045823311802e+01 9.753313412617015388e+01 -inf
1.245816643956308978e+00 4.871569244213428362e+01 1.385002456354514493e+02 2.170529783372782129e-02 2.428129385026250616e-17 -7.526852656718142498e+01 6.631010367765227898e+01 -3.411582018199708546e+05
-5.530417844218749046e-02 2.322563293278602359e+01 1.557448597184546486e+02 2.235175416512993896e-02 2.432067232332250763e-17 -6.050094075127664439e+01 3.489826228557905097e+01 -3.400347873166167410e+05
1.918564822989291319e+00 7.010121981318022222e+01 2.411348405344899959e+02 1.146355009774929247e-02 1.858776916807384504e-17 -3.873854483589713027e+01 9.744601469810471883e+01 -inf
1.005269839962372291e+00 3.110078255617284526e+01 1.954370468952635065e+02 1.261310822054033734e-02 2.917202698939000802e-17 -1.052381340543483645e+02 7.477959549745116874e+01 -inf
3.147747512060639075e+00 2.200720769297592838e+01 1.910608200134183505e+02 6.907276850002747048e-02 2.423045285390087463e-17 -9.275484287787426751e+01 1.015421429233523156e+02 -inf
6.768674276198838324e-01 4.874932548203280902e+01 9.491962714704089876e+01 -2.410353783067625821e-02 2.385345851572312843e-17 -6.199881815871790991e+01 5.778351232476661892e+01 -inf
1.774585591658950801e+00 3.911720431201267445e+01 1.394902244295215041e+02 2.138007803311726615e-02 2.014823723740050112e-17 -8.325970294322313237e+01 6.674344080394483569e+01 -3.450553859876190545e+05
6.043691212657918976e-01 3.362612438095040091e+01 1.800502029710415002e+02 4.131152586970730095e-02 2.222396334847444163e-17 -6.483327264990769834e+01 1.329752705048410917e+02 -inf
5.416216821919748181e-01 6.309001068342340091e+01 2.053702996170689516e+02 -6.247483024909482319e-03 2.479991406999461678e-18 -9.392206402927149611e+01 9.016488553290032826e+01 -inf
2.961654242416963401e-01 3.762166271238189097e+01 1.662069232276091952e+02 -3.481308799026872070e-02 2.198648265960355798e-17 -1.011253673691052626e+02 7.089552928245097974e+01 -inf
-5.088358999464137611e-01 4.579565559777484651e+01 1.296333185675849791e+02 1.941895551973890285e-02 2.379783545175070807e-17 -2.384408319877601201e+01 1.051690445610903737e+02 -inf
1.332134966511249630e+00 3.844054424972414807e+01 1.087062529448346311e+02 7.637830480919670373e-03 2.303666241630103894e-17 -6.069286461318905168e+01 8.967673780272602357e+01 -3.472208895310614607e+05
1.396147139214278132e+00 7.654456875026387763e+01 1.596376712101644557e+02 2.622814425632892521e-02 1.919050501366900153e-17 -7.145420751638928891e+01 6.273932048373612247e+01 -3.402480359984368552e+05
-1.233259767597446377e+00 3.696722841110204172e+01 2.365972514808818232e+02 -4.674037842953613492e-02 3.329076100394669022e-17 -1.095893704625646023e+02 1.281806910729550850e+02 -inf
5.179253026419029515e-01 1.819330913397159222e+01 1.573710743206595168e+02 4.591216291899638535e-02 1.987642757287121533e-17 -6.827176009468951179e+01 7.603258027975752498e+01 -3.409537853415638674e+05
1.245816643956308978e+00 4.871569244213428362e+01 1.385002456354514493e+02 2.170529783372782129e-02 2.428129385026250616e-17 -7.526852656718142498e+01 6.631010367765227898e+01 -3.411582018199708546e+05
1.751573925226446171e-01 2.053715323911012547e+01 1.399264626639481435e+02 3.586931082488147710e-02 2.256571589876579889e-17 -5.089701617923654453e+01 1.664798589173764753e+01 -3.399878678109202883e+05
1.918564822989291319e+00 7.010121981318022222e+01 2.411348405344899959e+02 1.146355009774929247e-02 1.858776916807384504e-17 -3.873854483589713027e+01 9.744601469810471883e+01 -inf
1.005269839962372291e+00 3.110078255617284526e+01 1.954370468952635065e+02 1.261310822054033734e-02 2.917202698939000802e-17 -1.052381340543483645e+02 7.477959549745116874e+01 -inf
3.147747512060639075e+00 2.200720769297592838e+01 1.910608200134183505e+02 6.907276850002747048e-02 2.423045285390087463e-17 -9.275484287787426751e+01 1.015421429233523156e+02 -inf
6.768674276198838324e-01 4.874932548203280902e+01 9.491962714704089876e+01 -2.410353783067625821e-02 2.385345851572312843e-17 -6.199881815871790991e+01 5.778351232476661892e+01 -inf
1.774585591658950801e+00 3.911720431201267445e+01 1.394902244295215041e+02 2.138007803311726615e-02 2.014823723740050112e-17 -8.325970294322313237e+01 6.674344080394483569e+01 -3.450553859876190545e+05
6.043691212657918976e-01 3.362612438095040091e+01 1.800502029710415002e+02 4.131152586970730095e-02 2.222396334847444163e-17 -6.483327264990769834e+01 1.329752705048410917e+02 -inf
5.416216821919748181e-01 6.309001068342340091e+01 2.053702996170689516e+02 -6.247483024909482319e-03 2.479991406999461678e-18 -9.392206402927149611e+01 9.016488553290032826e+01 -inf
2.961654242416963401e-01 3.762166271238189097e+01 1.662069232276091952e+02 -3.481308799026872070e-02 2.198648265960355798e-17 -1.011253673691052626e+02 7.089552928245097974e+01 -inf
-5.088358999464137611e-01 4.579565559777484651e+01 1.296333185675849791e+02 1.941895551973890285e-02 2.379783545175070807e-17 -2.384408319877601201e+01 1.051690445610903737e+02 -inf
1.437059669318047295e+00 3.860101041679793354e+01 1.160065004202799344e+02 1.089672799028680757e-02 2.235168846384105788e-17 -6.604446470252656809e+01 8.423823408002505175e+01 -3.469384594509762246e+05
1.396147139214278132e+00 7.654456875026387763e+01 1.596376712101644557e+02 2.622814425632892521e-02 1.919050501366900153e-17 -7.145420751638928891e+01 6.273932048373612247e+01 -3.402480359984368552e+05
-1.233259767597446377e+00 3.696722841110204172e+01 2.365972514808818232e+02 -4.674037842953613492e-02 3.329076100394669022e-17 -1.095893704625646023e+02 1.281806910729550850e+02 -inf
5.179253026419029515e-01 1.819330913397159222e+01 1.573710743206595168e+02 4.591216291899638535e-02 1.987642757287121533e-17 -6.827176009468951179e+01 7.603258027975752498e+01 -3.409537853415638674e+05
7.781025810176211976e-01 3.640598789264709723e+01 1.391232839738745213e+02 2.789280151871258856e-02 2.353184911991706252e-17 -6.462191035550206664e+01 4.461536667081576013e+01 -3.400479495186638669e+05
1.751573925226446171e-01 2.053715323911012547e+01 1.399264626639481435e+02 3.586931082488147710e-02 2.256571589876579889e-17 -5.089701617923654453e+01 1.664798589173764753e+01 -3.399878678109202883e+05
1.918564822989291319e+00 7.010121981318022222e+01 2.411348405344899959e+02 1.146355009774929247e-02 1.858776916807384504e-17 -3.873854483589713027e+01 9.744601469810471883e+01 -inf
1.005269839962372291e+00 3.110078255617284526e+01 1.954370468952635065e+02 1.261310822054033734e-02 2.917202698939000802e-17 -1.052381340543483645e+02 7.477959549745116874e+01 -inf
3.147747512060639075e+00 2.200720769297592838e+01 1.910608200134183505e+02 6.907276850002747048e-02 2.423045285390087463e-17 -9.275484287787426751e+01 1.015421429233523156e+02 -inf
6.768674276198838324e-01 4.874932548203280902e+01 9.491962714704089876e+01 -2.410353783067625821e-02 2.385345851572312843e-17 -6.199881815871790991e+01 5.778351232476661892e+01 -inf
1.774585591658950801e+00 3.911720431201267445e+01 1.394902244295215041e+02 2.138007803311726615e-02 2.014823723740050112e-17 -8.325970294322313237e+01 6.674344080394483569e+01 -3.450553859876190545e+05
6.043691212657918976e-01 3.362612438095040091e+01 1.800502029710415002e+02 4.131152586970730095e-02 2.222396334847444163e-17 -6.483327264990769834e+01 1.329752705048410917e+02 -inf
5.416216821919748181e-01 6.309001068342340091e+01 2.053702996170689516e+02 -6.247483024909482319e-03 2.479991406999461678e-18 -9.392206402927149611e+01 9.016488553290032826e+01 -inf
2.961654242416963401e-01 3.762166271238189097e+01 1.662069232276091952e+02 -3.481308799026872070e-02 2.198648265960355798e-17 -1.011253673691052626e+02 7.089552928245097974e+01 -inf
-5.088358999464137611e-01 4.579565559777484651e+01 1.296333185675849791e+02 1.941895551973890285e-02 2.379783545175070807e-17 -2.384408319877601201e+01 1.051690445610903737e+02 -inf
1.069848363954943649e+00 4.710793748208180887e+01 2.032192023927737239e+02 2.306527755581004591e-02 3.008178066747950038e-18 -4.642731604980301796e+01 8.826521176781710665e+01 -3.402826284669347806e+05
6.239951517038406781e-01 3.094921364046944490e+01 1.652961769581448266e+02 7.804772364118858774e-02 5.745444753777848310e-18 -6.104127686733549041e+01 9.503614455824973106e+01 -inf
4.602832972515089605e-01 1.881120167823689826e+01 1.751750130844889384e+02 -6.049580711076500000e-02 1.072336442244602041e-17 -5.620723291191868043e+01 1.085071177153484854e+02 -inf
2.023848578915427687e+00 7.355583148598901744e+01 2.167610590728525040e+02 7.979757713293561538e-02 -6.238186673245982850e-18 -9.248086441031267668e+01 9.185856747980011505e+01 -inf
8.824695534538695707e-01 5.170241703663465671e+01 1.623235635623641144e+02 4.906050780685558554e-02 1.235063931930898102e-17 -1.064581280542401487e+02 7.272181190974136200e+01 -inf
9.840466116927821805e-01 9.042687623729578661e+01 1.496373619736582157e+02 7.961777305690190265e-02 2.010458941730781105e-17 -5.450290969561773124e+01 7.754365677362702058e+01 -3.404342279175047297e+05
1.807516483381862216e+00 5.198818320626916289e+01 2.162201452808146485e+02 2.292341446575948960e-02 -3.808040631283926228e-18 -7.333050704374672080e+01 1.046258215327649168e+02 -inf
3.220072852136951713e+00 3.890130388272774553e+01 1.697422162887700665e+02 -1.348095567453434784e-02 1.536664380636042716e-17 -4.755655927574343167e+01 1.051357696752578050e+02 -inf
1.143106678362008299e+00 5.721209354375201883e+01 1.484995657917868641e+02 6.676556785838952401e-02 2.186024373050694662e-17 -4.866268508724475339e+01 9.772014717233490444e+01 -inf
2.593248748376105528e+00 4.431261438527832297e+01 2.035347739495658743e+02 6.220618190853315077e-02 2.715951314737452517e-17 -4.401817156665168795e+01 1.127155702686573022e+02 -inf
2.130775400318641211e+00 7.198343171632409110e+01 2.271523033198226358e+02 7.522694160875105507e-02 1.405898819273945617e-17 -5.282159189265910015e+01 9.101805672860999152e+01 -inf
1.993889470404090147e+00 5.084997349216605755e+01 1.777187198915766260e+02 2.091515212460866996e-02 1.217293530810572809e-17 -9.117402868003546246e+01 8.448774000365769155e+01 -inf
1.391963757777876509e-01 5.641597240670451896e+01 3.139217356466490969e+02 6.548459011927132423e-02 2.530166029711052800e-17 -7.576874595287719671e+01 5.029063780983559440e+01 -3.403057597017274820e+05
3.470346884426757761e+00 5.587204339979607681e+01 2.020397630385035939e+02 3.189781358069729289e-02 1.450237760724154955e-17 -6.754395492680779967e+01 9.486217545410710272e+01 -inf
2.916297797304475026e+00 5.151776856733679466e+01 2.868410535734780638e+02 -9.262050606365659911e-03 1.432516163286880771e-17 -1.022808102417053533e+02 7.590422492289785339e+01 -inf
9.176792764010190950e-01 4.649170709874248786e+01 2.074185666064539078e+02 2.341935555375721650e-02 1.498945698904814511e-18 -3.905852435378675835e+01 8.888727763436899920e+01 -3.402512226115592639e+05
4.054990829100278416e-01 4.242693790805603982e+01 2.322808764011062976e+02 7.238559035500762018e-02 1.455932059028451356e-17 -6.767886396174701247e+01 7.486959751604604207e+01 -3.401589026110716513e+05
4.602832972515089605e-01 1.881120167823689826e+01 1.751750130844889384e+02 -6.049580711076500000e-02 1.072336442244602041e-17 -5.620723291191868043e+01 1.085071177153484854e+02 -inf
1.549066008221317459e+00 8.125929642433305844e+01 1.861117984753061023e+02 7.971547703682925479e-02 5.790152708434006559e-18 -7.513980184499588688e+01 8.532225545253288601e+01 -3.403421883854070329e+05
8.824695534538695707e-01 5.170241703663465671e+01 1.623235635623641144e+02 4.906050780685558554e-02 1.235063931930898102e-17 -1.064581280542401487e+02 7.272181190974136200e+01 -inf
9.840466116927821805e-01 9.042687623729578661e+01 1.496373619736582157e+02 7.961777305690190265e-02 2.010458941730781105e-17 -5.450290969561773124e+01 7.754365677362702058e+01 -3.404342279175047297e+05
1.807516483381862216e+00 5.198818320626916289e+01 2.162201452808146485e+02 2.292341446575948960e-02 -3.808040631283926228e-18 -7.333050704374672080e+01 1.046258215327649168e+02 -inf
3.220072852136951713e+00 3.890130388272774553e+01 1.697422162887700665e+02 -1.348095567453434784e-02 1.536664380636042716e-17 -4.755655927574343167e+01 1.051357696752578050e+02 -inf
1.143106678362008299e+00 5.721209354375201883e+01 1.484995657917868641e+02 6.676556785838952401e-02 2.186024373050694662e-17 -4.866268508724475339e+01 9.772014717233490444e+01 -inf
2.593248748376105528e+00 4.431261438527832297e+01 2.035347739495658743e+02 6.220618190853315077e-02 2.715951314737452517e-17 -4.401817156665168795e+01 1.127155702686573022e+02 -inf
2.130775400318641211e+00 7.198343171632409110e+01 2.271523033198226358e+02 7.522694160875105507e-02 1.405898819273945617e-17 -5.282159189265910015e+01 9.101805672860999152e+01 -inf
1.993889470404090147e+00 5.084997349216605755e+01 1.777187198915766260e+02 2.091515212460866996e-02 1.217293530810572809e-17 -9.117402868003546246e+01 8.448774000365769155e+01 -inf
1.391963757777876509e-01 5.641597240670451896e+01 3.139217356466490969e+02 6.548459011927132423e-02 2.530166029711052800e-17 -7.576874595287719671e+01 5.029063780983559440e+01 -3.403057597017274820e+05
3.470346884426757761e+00 5.587204339979607681e+01 2.020397630385035939e+02 3.189781358069729289e-02 1.450237760724154955e-17 -6.754395492680779967e+01 9.486217545410710272e+01 -inf
2.916297797304475026e+00 5.151776856733679466e+01 2.868410535734780638e+02 -9.262050606365659911e-03 1.432516163286880771e-17 -1.022808102417053533e+02 7.590422492289785339e+01 -inf
9.176792764010190950e-01 4.649170709874248786e+01 2.074185666064539078e+02 2.341935555375721650e-02 1.498945698904814511e-18 -3.905852435378675835e+01 8.888727763436899920e+01 -3.402512226115592639e+05
4.054990829100278416e-01 4.242693790805603982e+01 2.322808764011062976e+02 7.238559035500762018e-02 1.455932059028451356e-17 -6.767886396174701247e+01 7.486959751604604207e+01 -3.401589026110716513e+05
4.602832972515089605e-01 1.881120167823689826e+01 1.751750130844889384e+02 -6.049580711076500000e-02 1.072336442244602041e-17 -5.620723291191868043e+01 1.085071177153484854e+02 -inf
1.564812104542075311e+00 8.219202427402592548e+01 1.875706782081076653e+02 8.021777000627386411e-02 5.166836079143579913e-18 -7.616677967281914619e+01 8.484137379066299900e+01 -3.403129591891093296e+05
8.824695534538695707e-01 5.170241703663465671e+01 1.623235635623641144e+02 4.906050780685558554e-02 1.235063931930898102e-17 -1.064581280542401487e+02 7.272181190974136200e+01 -inf
9.840466116927821805e-01 9.042687623729578661e+01 1.496373619736582157e+02 7.961777305690190265e-02 2.010458941730781105e-17 -5.450290969561773124e+01 7.754365677362702058e+01 -3.404342279175047297e+05
1.807516483381862216e+00 5.198818320626916289e+01 2.162201452808146485e+02 2.292341446575948960e-02 -3.808040631283926228e-18 -7.333050704374672080e+01 1.046258215327649168e+02 -inf
3.220072852136951713e+00 3.890130388272774553e+01 1.697422162887700665e+02 -1.348095567453434784e-02 1.536664380636042716e-17 -4.755655927574343167e+01 1.051357696752578050e+02 -inf
1.143106678362008299e+00 5.721209354375201883e+01 1.484995657917868641e+02 6.676556785838952401e-02 2.186024373050694662e-17 -4.866268508724475339e+01 9.772014717233490444e+01 -inf
2.593248748376105528e+00 4.431261438527832297e+01 2.035347739495658743e+02 6.220618190853315077e-02 2.715951314737452517e-17 -4.401817156665168795e+01 1.127155702686573022e+02 -inf
2.130775400318641211e+00 7.198343171632409110e+01 2.271523033198226358e+02 7.522694160875105507e-02 1.405898819273945617e-17 -5.282159189265910015e+01 9.101805672860999152e+01 -inf
1.993889470404090147e+00 5.084997349216605755e+01 1.777187198915766260e+02 2.091515212460866996e-02 1.217293530810572809e-17 -9.117402868003546246e+01 8.448774000365769155e+01 -inf
1.511580486636933118e-01 5.634011603362421283e+01 3.114820300322973026e+02 6.522027343736636062e-02 2.509323642130308180e-17 -7.626263751360166054e+01 5.065162805553339354e+01 -3.402988951964085572e+05
2.281744970645929627e+00 7.239134353881966888e+01 1.769882457799322992e+02 5.471084054328138185e-02 1.718057370120255372e-17 -6.130954652108046332e+01 8.658287601742553363e+01 -3.468109213247855660e+05
2.916297797304475026e+00 5.151776856733679466e+01 2.868410535734780638e+02 -9.262050606365659911e-03 1.432516163286880771e-17 -1.022808102417053533e+02 7.590422492289785339e+01 -inf
